 <pre>

 Contingency table for Cloud cover (octas)
 Selection: masl_0-200m    517 stations
Period: 20190801-20190805
Used {00,03,...,21} + 01 02 03
 Limits   0.500000000       1.50000000       2.50000000       3.50000000       4.50000000       5.50000000       6.50000000       7.50000000    
 Each class is data <= limit, the very last > last limit
 Total number of values       47427
                                                       OBSERVATION
                                   3681      870      628      507      307      433      448      703      848 |      8425
                                    774      263      211      196      157      241      278      440      461 |      3021
                                    383      167      143      121      102      148      183      293      351 |      1891
                                    343      132      122      105       91      111      170      304      316 |      1694
               Exp0_cy43_ref_z      334      114       99      114      101      146      161      312      323 |      1704
                                    317      130       94      100      103      177      219      416      343 |      1899
                                    435      166      121      137      127      180      277      501      490 |      2434
                                    614      245      193      221      177      331      403      891      863 |      3938
                                   1406      657      531      634      530      960     1635     5906    10162 |     22421

                    SUM            8287     2744     2142     2135     1695     2727     3774     9766    14157 |     47427
                                                       OBSERVATION
                                   3650      852      643      467      304      401      460      694      846 |      8317
                                    775      289      212      206      145      232      274      424      511 |      3068
                                    394      166      129      130      100      142      188      321      301 |      1871
                                    345      124      107       94       99      123      152      271      293 |      1608
        NetA_cy43_iobs_roel_v1      344      144      101      102       93      133      153      316      316 |      1702
                                    298      109      112      119      118      166      208      408      371 |      1909
                                    431      169      104      145      138      214      282      538      510 |      2531
                                    642      237      179      207      175      312      392      857      876 |      3877
                                   1408      654      555      665      523     1004     1665     5937    10133 |     22544

                    SUM            8287     2744     2142     2135     1695     2727     3774     9766    14157 |     47427
                                                       OBSERVATION
                                   3695      856      648      479      306      404      449      715      856 |      8408
                                    769      288      218      211      169      227      273      448      518 |      3121
                                    383      159      130      114       90      156      188      311      327 |      1858
                                    339      122      109       99       89      134      165      294      298 |      1649
       NetA_cy43_iobs_paulo_v1      331      130      108      112      101      147      169      315      334 |      1747
                                    313      128      108      105      110      173      190      372      349 |      1848
                                    385      173      112      140      116      202      279      520      470 |      2397
                                    644      225      164      222      185      303      381      876      870 |      3870
                                   1428      663      545      653      529      981     1680     5915    10135 |     22529

                    SUM            8287     2744     2142     2135     1695     2727     3774     9766    14157 |     47427

