 <pre>

 Contingency table for Cloud cover (octas)
 Selection: ALL    583 stations
Period: 20190801-20190805
Used {00,03,...,21} + 01 02 03
 Limits   0.500000000       1.50000000       2.50000000       3.50000000       4.50000000       5.50000000       6.50000000       7.50000000    
 Each class is data <= limit, the very last > last limit
 Total number of values       53273
                                                       OBSERVATION
                                   4136     1001      717      577      349      489      519      805     1058 |      9651
                                    854      292      238      224      169      267      307      515      552 |      3418
                                    419      186      154      130      110      156      214      324      412 |      2105
                                    387      144      136      120      101      128      188      336      369 |      1909
               Exp0_cy43_ref_z      376      134      104      129      109      157      183      340      370 |      1902
                                    339      156      111      120      120      192      246      454      396 |      2134
                                    479      188      138      151      138      196      298      558      569 |      2715
                                    681      276      213      237      196      361      460      969     1004 |      4397
                                   1542      756      588      711      599     1075     1847     6482    11442 |     25042

                    SUM            9213     3133     2399     2399     1891     3021     4262    10783    16172 |     53273
                                                       OBSERVATION
                                   4103      973      732      536      344      453      521      794     1049 |      9505
                                    861      321      238      234      159      254      315      483      597 |      3462
                                    434      192      144      148      108      155      218      355      372 |      2126
                                    382      139      118      103      104      132      177      308      345 |      1808
        NetA_cy43_iobs_roel_v1      386      157      107      112      101      150      180      348      368 |      1909
                                    323      134      128      133      141      177      231      446      442 |      2155
                                    472      194      123      159      148      241      308      580      574 |      2799
                                    699      270      200      228      193      333      443      958     1009 |      4333
                                   1553      753      609      746      593     1126     1869     6511    11416 |     25176

                    SUM            9213     3133     2399     2399     1891     3021     4262    10783    16172 |     53273
                                                       OBSERVATION
                                   4149      978      741      546      344      458      515      809     1053 |      9593
                                    849      323      235      239      183      249      312      511      607 |      3508
                                    425      181      148      132       99      166      209      348      400 |      2108
                                    378      138      121      115       98      150      190      323      346 |      1859
       NetA_cy43_iobs_paulo_v1      370      150      118      122      108      163      195      345      386 |      1957
                                    337      148      125      119      127      183      205      407      413 |      2064
                                    422      198      128      154      132      222      308      572      535 |      2671
                                    713      256      182      243      205      329      432      965     1004 |      4329
                                   1570      761      601      729      595     1101     1896     6503    11428 |     25184

                    SUM            9213     3133     2399     2399     1891     3021     4262    10783    16172 |     53273

